,optimizer,learning_rate,batch_size,train_accuracy,val_accuracy,test_accuracy,best_epoch
0,Adam,0.001,512,0.3121683597564697,0.2199999988079071,0.48100000619888306,15
1,Nadam,0.001,512,0.325204074382782,0.22663265466690063,0.47200000286102295,10
2,RMSprop,0.001,512,0.3412500023841858,0.2203061282634735,0.45899999141693115,17
3,SGD,0.001,512,0.1304081678390503,0.14224490523338318,0.23100000619888306,100
4,Adadelta,0.001,512,0.12058673799037933,0.1330612301826477,0.20000000298023224,99
5,Adagrad,0.001,512,0.14563775062561035,0.1624489724636078,0.3019999861717224,78
6,Adamax,0.001,512,0.2955612242221832,0.23969388008117676,0.5350000262260437,32
7,Ftrl,0.001,512,0.10209183394908905,0.1014285683631897,0.09099999815225601,1
8,Adamax,0.1,512,0.09984693676233292,0.09816326200962067,0.11400000005960464,10
9,Adamax,0.01,512,0.29099491238594055,0.2038775533437729,0.4259999990463257,20
10,Adamax,0.001,512,0.3014540672302246,0.23234693706035614,0.5,38
11,Adamax,0.0001,512,0.2218877524137497,0.22663265466690063,0.46799999475479126,66
12,Adamax,1e-05,512,0.1638520359992981,0.17928571999073029,0.34700000286102295,100
13,Adamax,0.001,1024,0.278903067111969,0.24163265526294708,0.5370000004768372,47
14,Adamax,0.001,512,0.2743622362613678,0.23469388484954834,0.5170000195503235,26
15,Adamax,0.001,256,0.2944898009300232,0.23204082250595093,0.49799999594688416,28
16,Adamax,0.001,128,0.31864795088768005,0.23255102336406708,0.4860000014305115,20
17,Adamax,0.001,64,0.33359694480895996,0.22551020979881287,0.5090000033378601,19
18,Adamax,0.001,32,0.3554081618785858,0.2243877500295639,0.4650000035762787,16
19,Adamax,0.001,16,0.3392857015132904,0.22520408034324646,0.4699999988079071,10
20,Adamax,0.001,8,0.35147958993911743,0.2176530659198761,0.4580000042915344,11
21,Adamax,0.001,4,0.33102041482925415,0.22795918583869934,0.5009999871253967,8
22,Adamax,0.001,2,0.2948724627494812,0.22887754440307617,0.49399998784065247,8
23,Adamax,0.001,1,0.27221938967704773,0.22163265943527222,0.4650000035762787,19
24,Adamax,0.001,2048,0.2505357265472412,0.23897959291934967,0.5230000019073486,54
25,Adamax,0.001,4096,0.25992345809936523,0.23816326260566711,0.531000018119812,71
