,optimizer,learning_rate,batch_size,train_accuracy,val_accuracy,test_accuracy,best_epoch
0,Adam,1e-05,1,0.36000001430511475,0.12714286148548126,0.1311333328485489,12
1,Adam,1e-05,2,0.5515000224113464,0.12714286148548126,0.12773333489894867,31
2,Adam,1e-05,4,0.4192500114440918,0.1624285727739334,0.170933336019516,14
3,Adam,1e-05,8,0.4090000092983246,0.16371428966522217,0.1656000018119812,23
4,Adam,1e-05,16,0.14407142996788025,0.11085714399814606,0.11720000207424164,4
5,Adam,1e-05,32,0.29499998688697815,0.14242857694625854,0.14986667037010193,36
6,Adam,1e-05,64,0.12310714274644852,0.11628571152687073,0.10493333637714386,2
7,Adam,1e-05,128,0.2977857291698456,0.16271428763866425,0.16140000522136688,91
8,Adam,1e-05,256,0.12346428632736206,0.1152857169508934,0.11546666920185089,27
9,Adam,1e-05,512,0.12746427953243256,0.12371428310871124,0.12046666443347931,40
10,Adam,1e-05,1024,0.12417857348918915,0.11542857438325882,0.11593333631753922,41
11,Adam,0.0001,1,0.13467857241630554,0.09957142919301987,0.09913333505392075,7
12,Adam,0.0001,2,0.579964280128479,0.12300000339746475,0.12026666849851608,37
13,Adam,0.0001,4,0.42032143473625183,0.11342857033014297,0.11893333494663239,13
14,Adam,0.0001,8,0.6741071343421936,0.11857143044471741,0.12966667115688324,20
15,Adam,0.0001,16,0.5914999842643738,0.13514286279678345,0.14259999990463257,6
16,Adam,0.0001,32,0.6388571262359619,0.1307142823934555,0.13626666367053986,15
17,Adam,0.0001,64,0.42689284682273865,0.14385713636875153,0.14640000462532043,10
18,Adam,0.0001,128,0.5876071453094482,0.14300000667572021,0.1353333294391632,30
19,Adam,0.0001,256,0.13921429216861725,0.11299999803304672,0.11526666581630707,1
20,Adam,0.0001,512,0.34357142448425293,0.12714286148548126,0.12813332676887512,34
21,Adam,0.0001,1024,0.14439286291599274,0.11785714328289032,0.11646666377782822,17
